2023-11-12 0.000131 0.011291 -0.033176 0.033405
2023-11-19 0.001091 0.007516 -0.032984 0.035312
2023-11-26 0.001284 0.012765 -0.031526 0.034474
2023-12-03 0.002027 0.000635 -0.029813 0.034378
2023-12-10 0.001330 0.000769 -0.030642 0.032924
2023-12-17 0.001856 -0.004983 -0.029196 0.032547
2023-12-24 0.002629 -0.009396 -0.029415 0.034776
2023-12-31 0.002084 0.006137 -0.030080 0.034728
2024-01-07 0.001884 0.011154 -0.030134 0.033631
2024-01-14 0.003415 -0.014242 -0.027314 0.034040
2024-01-21 0.001725 -0.015180 -0.026053 0.029683
2024-01-28 -0.000112 0.007063 -0.024570 0.025270
2024-02-04 0.000089 0.006249 -0.024990 0.024568
2024-02-11 0.000936 0.001663 -0.022648 0.024441
2024-02-18 0.000926 -0.001561 -0.022639 0.024205
2024-02-25 0.002202 0.018127 -0.022043 0.026712
2024-03-03 0.003566 -0.029411 -0.022213 0.029747
2024-03-10 0.004183 0.001267 -0.028346 0.036560
2024-03-17 0.005982 0.011396 -0.028269 0.039119
2024-03-24 0.005158 0.018483 -0.027831 0.037549
2024-03-31 0.007433 0.014598 -0.027990 0.043378
2024-04-07 0.010174 -0.032113 -0.025905 0.045020
2024-04-14 0.011844 -0.042394 -0.022355 0.045892
2024-04-21 0.008462 -0.038263 -0.022919 0.039979
2024-04-28 0.004893 0.026003 -0.020923 0.031601
2024-05-05 0.007305 0.006064 -0.021379 0.035444
2024-05-12 0.005954 0.001189 -0.017179 0.029274
2024-05-19 0.005517 0.031620 -0.017119 0.027972
2024-05-26 0.005648 -0.023274 -0.017807 0.029200
2024-06-02 0.004457 0.021879 -0.021519 0.031972
2024-06-09 0.005170 0.001442 -0.022428 0.032565
2024-06-16 0.005299 -0.017287 -0.021585 0.031866
2024-06-23 0.003651 0.002963 -0.021113 0.029474
2024-06-30 0.003916 0.018903 -0.020984 0.028808
2024-07-07 0.004590 0.016853 -0.021691 0.030301
2024-07-14 0.005562 0.000844 -0.021377 0.032934
2024-07-21 0.005604 0.009408 -0.022584 0.033027
2024-07-28 0.005839 0.007063 -0.020718 0.031913
2024-08-04 0.005290 0.012038 -0.019844 0.031224
2024-08-11 0.005956 -0.002551 -0.019472 0.031415
2024-08-18 0.006044 0.011436 -0.018877 0.031519
2024-08-25 0.006638 0.000320 -0.018822 0.031986
2024-09-01 0.006087 0.025276 -0.018999 0.030758
2024-09-08 0.007572 -0.029845 -0.018214 0.033080
2024-09-15 0.007416 0.003852 -0.022850 0.036949
2024-09-22 0.007291 0.011029 -0.023135 0.037719
2024-09-29 0.007509 0.002157 -0.023336 0.038031
2024-10-06 0.007285 -0.001812 -0.023225 0.037842
2024-10-13 0.008451 -0.007123 -0.022417 0.039075
2024-10-20 0.008778 0.008055 -0.022124 0.039375
2024-10-27 0.008545 -0.030354 -0.022068 0.039153
2024-11-03 0.006865 -0.023838 -0.027181 0.041526
2024-11-10 0.005416 0.031069 -0.031243 0.042316
2024-11-17 0.006155 -0.014390 -0.031963 0.043763
2024-11-24 0.004893 0.019612 -0.032098 0.042492
2024-12-01 0.006110 0.014773 -0.030155 0.042769
2024-12-08 0.006776 -0.019389 -0.030642 0.044504
2024-12-15 0.005842 -0.005334 -0.032339 0.045324
2024-12-22 0.004746 -0.001714 -0.032693 0.042070
2024-12-29 0.005695 0.007133 -0.033735 0.043565
2025-01-05 0.005039 -0.019651 -0.033112 0.043863
2025-01-12 0.002955 -0.015094 -0.034669 0.040058
2025-01-19 0.001996 0.020366 -0.035095 0.039391
2025-01-26 0.002049 -0.004647 -0.034674 0.040218
2025-02-02 0.002281 0.032089 -0.035611 0.040689
2025-02-09 0.005141 -0.001472 -0.038355 0.047804
2025-02-16 0.004834 0.039397 -0.037339 0.047745
2025-02-23 0.005735 -0.032603 -0.037955 0.049617
2025-03-02 0.003517 -0.002821 -0.040117 0.046564
2025-03-09 0.002254 -0.029046 -0.039624 0.043852
2025-03-16 0.001972 -0.045749 -0.037944 0.040912
2025-03-23 0.000283 0.022665 -0.041889 0.041849
2025-03-30 0.000470 0.013702 -0.040875 0.042075
2025-04-06 0.001146 -0.073539 -0.042498 0.044274
2025-04-13 0.000398 0.067012 -0.046457 0.046643
2025-04-20 0.000963 -0.019045 -0.049975 0.052382
2025-04-27 0.000571 -0.018495 -0.051154 0.052150
2025-05-04 0.002837 0.001198 -0.046941 0.052435
2025-05-11 0.003903 -0.009193 -0.045352 0.052394
2025-05-18 0.004279 0.014823 -0.045835 0.054694
2025-05-25 0.005958 0.002131 -0.043212 0.055294
2025-06-01 0.005154 0.001151 -0.043078 0.052966
2025-06-08 0.005606 -0.010667 -0.043243 0.053017
2025-06-15 0.005801 0.014690 -0.037973 0.049800
2025-06-22 0.006636 -0.025233 -0.037391 0.050133
2025-06-29 0.006799 0.015074 -0.036077 0.050444
2025-07-06 0.007648 0.005818 -0.035925 0.051295
2025-07-13 0.007059 -0.013746 -0.035812 0.050373
2025-07-20 0.006334 -0.018748 -0.035065 0.049186
2025-07-27 0.005410 -0.000476 -0.034595 0.045810
2025-08-03 0.005226 0.002491 -0.034351 0.045298
2025-08-10 0.006398 -0.037786 -0.033825 0.046888
2025-08-17 0.002938 -0.003553 -0.036344 0.041735
2025-08-24 0.000631 0.016003 -0.030757 0.033409
2025-08-31 0.000171 -0.009592 -0.029473 0.029620
2025-09-07 -0.000292 -0.027193 -0.030247 0.029682
2025-09-14 -0.000805 0.003122 -0.034225 0.031205
2025-09-21 0.000055 -0.007389 -0.031904 0.033183
2025-09-28 -0.000248 -0.004676 -0.032164 0.032111
2025-10-05 -0.001444 0.005588 -0.031834 0.028123
2025-10-12 0.004588 -0.012417 -0.028408 0.037782
2025-10-19 0.002245 0.009500 -0.025355 0.030608
2025-10-26 0.002529 0.017229 -0.027331 0.031020
2025-11-02 0.002589 0.002191 -0.026587 0.030287
